11010100111
11110111111011101
1010100111010100
1101111111111111111111010100101010101001
1010110011001101010011110101010101010111
1011111110010101100100000001011000001111001100
10000000011100011000110101010111011011110110110101100010100111111011010010000001111101001111100000101010100110100100001010001011111001010000101111100101100001111100100000111100101011000101011110100001
111101111011000011011101001110100010101110010000001011111100100000000000110010110010101011010
11001100111100010111111001100000011000111100100111101000100000101011001111010110001111010000000001011110101000101101111100001111100011001000000001111100111111110000110100010010110101011010011111111001
1110010000100110000000110111011110011100000000000101101101001110110110000010001011001111000001101100100001000101111010011011011101001110000101111111100110001011101000111111010000110
10101001111001101100111011111000101101001101110100100111101001001110110011110000010001100111010100010011110010101001100111010110001100100010000110101000101100001111000000110010010
111000101111011101111111101011001111100011100111110010100111010001011111110011101000001110010110001011111011011001011101111111000011001
10001101001011000011000101100000110100011100010110111000011101111000111111011101011111011100001101110111000101000100001110100000100101001101101110101011
1100111001010110010000001100101111101110110010001011110111101110111011110000100
10100000101101001000101111111000000110010111001110101110001111000101111010001111111101000010101100000001100010010001011010000000001100101101111110101010100010110111001001110110
1100001110111111010011101111100110100001101011011000011101100
101111111111101101000101001011100101010100101111110
11100010110000101000110111101101100110011110110100000011100100011101
1001010000110110111
1110010110000101100110011110011000000111010100011111010011101110110001110
11000001110000000010010111101111000000001000111111110010010100111100101100101000100010111011100000011010001001111101010010001100110000010101100101100001110110010111100001010100111001110100101100000010
10100010101011101001011000100001100101100010110010110001011101011110000111000110011010010001101100111101111110001001011010010000101110001001011110010000101111101000111000100101111110001011110101111011
11100010001111101000011011000110111010011000110011101011100111100011001011111111000001001001111111011111100000011100001100001111110010010101011001000111111010111110011101011101110110011010010101100011
11000000110100111101000111010101110000100001101100000000100110010010100111011111000001101110110101011101101110000000101101100110101011111000010111110010001111110111111100100000010001000010101011000001
10111101001000111110001111011000100010000011001101111010001010000101000111111100001100101111110110101001110000100011111010000110100000011011010011110010110110101011000110010111110111100100011100100001
1001101110011000100011110011110001001100010000101100110111001101011000111101101000110000000001100010010100011101111000111110100100100011100001110000101011011011010110101110101100100001
11001101100010111111100001001011101100100101101000101000011111110010000110000001111100
110100000011010110111011001111000111010111100000
1000111101000011011111011010101100111011010010100100011101010110111110011110011010101101010011110011111101011000100101011010000011
110111100001101010100100111001010
10001011101111111011001110001010011010111100010010011011001011101111111100100111011000101001000011110111101101111000111011010110110101001011001001010100011110011110111000100100111110010100100110100110
11010101000110110101100001110110111010100011101101011110101110111111101000110101100000110010010
10001001101100001011110010011101110000101001010111100101011101011100011001001100000110011100101110011000011011100011001010010010110110000001000010011110000011101111011101010011110100001011100111000100
11011111111010110111100011100011001101101001111011101110100001110001110110000100000001000000100101000011010100011111001001110101011110100011110110101110100011000000011111011001011011101101011100101111
1000110110100000001011011100100011101011010101000110100110000011100110000100110110100110001011110010101100100100101100001110100000111101110011011101100110111011011000111110001010101010010100101
110100011001010010110000001101100011000010110000110011010011000111100011100111111100100101000110001110010010100010101100100010000010100000011110
11101010011011101111001101010000101101110101110100101011111100010100100011000000011010111001010100100111111010001101101010101101011010010111010000100011010110000011000001011101011001010101100111000111
11110001100111010011010101111011100110111001001011100111111110110010000001010000101101001100111001110111100011001000111010010111001101010100011110101100101001011111111110110010001001111100100011111100
11101100101111100100001111000100101110000100111010101001010011001011110100101110111100010010100010110111011001110001101000101001000010110101011100111011001110110101100000001001101110011000111011100111
111000110001000000011001000000101010010000110111010101010010111011111000011111010101000
1111010000000001011010010111101011110010001001111110001101011101101110101011111100010100110101111010100100110110101010
11011110000100110101111111110101001110100110001110101110000110101000111010101001111110100010111111100000110011001001110011011111110011000000111111110101110110100010001101010101000000
10011111110001110111100100101101101111100110100011101011110111100100100100100000101000011111010010110010111110110100000111111111111001010010011001100100101100001011101110111010000001001101111010101000
11000010110010001111100100111010000010110111
110100011101111111000000011011101110100101000111100010110101001111001000111111011001111010100100000010000100100011001100000010100111110000111001011000101011110101100
100011010111111000101000100000110110001101010001
11101101010100001010000010001011110001011100010000010111110010111100001101111101101100101010011111111101100011000011111010100010100111101101010111011110100010011101011011101111011000000111111010101001
11110000011011100011000100000111111011000101010010110100110111100000100010111100001111010010000001010100111010011010100111000110110101011001010001100110110111000110001110100111011111010110110110101101
11100001111010100011100001111111000101100110010001100101000101110100100011110001010101101001001111011101011000010110100100011111111001010001011111110110111101001000111110110001100010100010001101010111
11000101101011100001100001011001001110
11001111101110001011
10101010100111011101111111111111010010011000011110010111101100000111111010001111111011111000100110011
110110000101111110110110110011110110000001010011001
10111110111001111101000010101010101111000110111101111111110111001100101101000010001111100011111011101001001110110000111011111011111000110000010111111100000111000100100011101100010101110100110011010001
11000111101011100010100000000001001101010011011100011101010000010110010101010111100000110000010000111110011010100000111100100101001111111100000011110001111101100010010111100000010101111111001010001101
1110111000101001010100100011111010101010001001100110111101111101100001111101110010
10111100110001001001101111001010100001100100111100101110110010110010010011110001000000111010011000110110011001000110100000101001100000100100101010101011101111100110110001110011000010010101110010001100
111110011111110010001101011111001011100110110111101110011010110101100110100011011001010011011100101111
11011011110000110111010100111101101000001010110000001010010000111001011000001000000101010001101110111011110011110001000000000011010010010010110101100101101110110010111011001100010001000101010111011010
11010110001101111010001101110101000101011001100101010000010001010000101101011110011100110010101111000011100000111000011010100101010110110010110010100000011011100101110101100110000010010100010110000001
11000111111111100000000101100111110110110010000110000110000000100001111000110101000100110000101111010010101101000001100101111001001100011110110000000110000
11000001000000110001011100000010011001110010110110001011100011011100100011100011101110011101011000110000000001110110001000011011110001111100001001010111000000001001110100100010110001011111000001011000
11101111000011010000101010000101011101101110101000000110010000110011110110111010011001001000000111101101011000001100110110011111000010101111101100101001110111001100010000000101000010100100
11100111110001100010110011111001100101011010110110010100001010101110001011000001010010001010011100010110111001101111001010111011010000000001000111000011111100100010111010101011101001001111100100001100
101100010100001000110
11101111111001010000001100101101101100100011101010100101001001111011010111101
1100100100101001010001010101001110101
1100111110010100110001111110010101001011001000100011110110110001011011101011110010101010111100110101111111000100001001100110000111000011000110001101
11100000010100100100001000101011110011111001011000110011101010010101011111110110001001010100101100010100011100010001110101101110101110010101011011001101101110100011111000101101100101101111001000010110
11101101011011000011010001100100010000101101001110101010101010000111100010001101001000000000101001110001111010001111000000100011100010100011010010101101001101000011110110110110100010011101100101111111
1000010101100111110001110001111100001011010011100100100101110110001110001011010
101100
1000101001111111001010000110110101010001111100101001000111111101110000111101110000000100100010000101110110100100110110010010111110
10010101100010000010110101110000101100011011010010010101000110111110001101100110111001110010100000010110011100101011101101001010100111111111001100111101101010110101001001110100011001011101001111000010
101110001110110110010110010010010010010100111000001011110100101001001111000000000000100000101000100101010110010010101010010110011101011000000111100011100000100001100110010001010100
111110111001000001101101101011101111111101110010000000101000000100010111100000100100000
11001100001001111001010001000001000000111
11000001010110101100100010001010010111101111101101011010110000111101100001001101101110001001011001101100001110010110110101010000011001100110011101011001110011110101111000011011000001101000111001011011
11100001111110111101111111000110000100001100010011101100100100000001111000011111000110001011100011001000010110101011001101111001110111000001010011101111101010100111011101011010010111101101
10111011011000101001100010100001000100000000011010101100101011101010101101001001101100011100000100000001000111111101110001011110101000001010100101100000100000001111001111100111110101101100001101011010
10011110011000010000111100001010010000100010011101111110100100110101100001001001101010110100101110000111010110111110001011001101110011101100111101110110101001010000001001010010111001001001101000001000
10010011110101100010100001110011101001101000101000000110000110010110111110100011100011100101101110101101110010001010100010111001100110000110101100110100011000010011001110011010000110001011000111000000
10110101010100100111001010110111111011111010111001100000000001110011110011100111001000101000011111001001100000111001111100100010001000011101110010001101111100111001011101000001000
1010011101000100001101011111000101101000
1001110111100100110111011110101110001010010001100110100100110110010001000011100101110110011110001000010100110011000111011100111100101110000111000111000010101111
111101101010010100111100101110010010
11001110000110110110111101111001101111111110001101011101111110011101101000111011000101011001000011100101111011011110101110111100000101100110111101011011100110111010010001111101101110100110101010101101
1110001101011111001011011010
11100110011000001111010011101110111110110101110011011110011111100001001110101101110010000100001110000000101010001101110011100001111110011100001001110101001100011011011000100011000000000011111011010100
11010000100100010101110101101010011101111100110000101111111001100111110111111110111011010101010011010100000111111011010001001000010011111001010011001110011101001011111101110011010101100101100111011011
11101000001101101001111010011010100000000010100000101011101110001110000000100001111111011110100010000010100000101000001001001110011111100001011101100100101111001010110110110100000100111010101101100101
1100000111010111100100000101101101110110111010111001110011010101010010010111101101110100101000101100000
111000001111110100011111100110000111001101011101010111100110001001001100101001111
11000010000110001011110000110101111100111110101010110001101001000010001111110000101111000001100000010100001010111100011111010001100100000101011010000101000011111000001010101111100011100111000111111010
1010011000110001110010111010101001101101001100101100111100011001100010001011101100111110111011110100011111111100001
11111101110010101111111000001000101001011001111001001000111111001111001100001011111001010011010110010001110101011100111000111
100000000101111100100010110011101100101101111111000100110100010010001101101001100110011110011010110000011001010000000100100011
10110100011110111100100110000110101110111010011100001001101011110011001101111111000001111101010001011100101111110010111000111111110101111011110111111100100011000000000110101011011110011111000111101111
10101101000000101110011011110000111100110101001011010111100001111011000111100100001111100101000111010010101101001100111011111011110010111001101010001100100101100011010110111010111010001100010001100010
10110100010110010101001010001000001001111110001000101110001100010111011000110010011011111111010010011
10000010001000000000011010001001100001100001101100101101111111110011001110000101111001111001001011010010011100001100111101111110000001011110100111110010101101000001010010110110100011000110001110110100
1110110100100000010101011010110000011101101
11000000101100100101111011001111100110010000001010001110011110010000000101001111101110100010111010111001110001000100100100010110100011101011111000100010111000100000010011011111110010011000100100000001
1001110
10000011101100101011100110010100001111111110010110010101111100110100110100000111001010010110001000111101001110011100111101010110011010110001111100010111010000011011
10010101000100011101111010101011010011011001101100101001111101000000110011011011111001011101100001000111010110011100000011000001010110000101110101111100110110110101001110000111111011010010111010001011
101
10011000000011011001101101011111111011101111001111011001110111000101001110101111010100110001000110111000001110100001111101011011101101001110100100100010100001010100110100010000101101010100111000001001
101001011010011101010010000100100111011111100111
11100101010111010001100101101010100111000011101110010101010001110000010100011010000100111011010111111010101111111101110110111100101101010111100010101
111000110100010110111100101010100111101011000111000111010111111100101111100011101111011111100111000001111010101110101101111101000001100100100110001000011001011011100010010000100
11111100000000111010001011110010111101100111011001000101101110010110001000100010110101011111101100101011000101001001000010100010001110110111001000100011101000111110010001011100100100011000111110011101
11010000001100011011110111010001011011011101100110011100111101010101101001011110001111001010101101000000101001010111010110100101100100110101101001001010001111011111101110000110101100000001000100011001
11011111111011100100000101000100011100000010100001000011101101001011001010001100101001010000101010111111101010101101100100010101001000110110000000001000100110010011111111010000000100110011111111011000
110100011111101100111101110101110101010011010000000001010101111011000001111100011111110111110101100
10010101010000000001001100000010110001100111110001110010001011110000111110001000011001010011011011110010010000100011010100000001101101001101110010111101101110011001100000111101100111111100100111000100
1010100010111010011001111111001010001100001100010100000010010101010101100010011011111011001001101011010001101010010110001001001001011001101101011011010000110001001101100111100000011
111101001100001101011010110001010100101010001001101011001010010000100
11000001000111111010111111110001001111110101000100000001111011110111111111011101101101001110100100100010110101000101010111011110000010111010001111010001110111100101000010101000001010100000011101010110
101110011011111010010000100010101010010000000111011001001100000100101000101001011111010001
10010100010111111100100101010101110010100100100111111010010101100001000010101001010001101110000101010101110001010100101010100011111110000001010110011110000001110000110001000110111000111100010000111000
10110110011011111000000010101101101100101010001001001000101100000011011111111101011100100111111011010011100000111010100111000
11101000101110111000000000001011111011010101010001101111010110100111100101000100101001001101110010000001011111110010011111010100110111011110001110
100001100111000100001010110011010010110010010110000100001000011011011010100000111001011101110001011010011100101111001010
11111110010010010110110010000101000100001111110101110001100111010011110110011101101110101001101100010001011101000011111100000111101010101100011001010100011101010101110011101000001101010000000110011111
10100000010101100000011100110001011010110100001100111010100111011000110100100101110010100001100100000101000001101011010111001000101001110001111000011011010001110100010101110011101000001000100100000011
101111100111010010100110001101100000110110011111100101100011011111110001
10001111100111101010111000111111001010010011011100010100000110010110101100000001101000010111101111000001101011001010011110010000010101100111001010011111001110101001010010011110001111011101110110101011
10100101101111011110001101111101111001010101011001011101001011111101000000111010101001010010101011100000100111100101111110110000000001100110101000011101111101110011110111010000011010110111010100111010
11101011100010101011110111011000101101010100100101010000110101100000011110100111010000000111110110101011111101000100111100101000011011111011010011110111101011000000111001001110011011000011010111000100
101000001011111010001111010010111000110011101011101011110110110100
10001111010100001100100110011000110111000110011000001110011001100000111100010010001101101110000001001110011101110010001001101000011011011010010101111000001000011000010010011001001101001011110110110101
11001111101100101100001100011010101010000101110110110000010000010001100010111001110010101100000010011011000101110101011101111110111001011001010101001101010111110111000001000000100001001111001101001011
1011100010001011001010001100
100100100111101100110001000000001001100001011110011101100110100111000110100001110111001011101001100001010100001010011100110110001110001000000010001100000111100100010010100100011110110110010
1111100000010010001010111010010010010010101000010111000010101001101011010111100101101110000010110001101
101101110100101000011010001101111010101111011000011111100110011000010001100111100101100100100011
10011000010101000010001000110000000101110101101111001001011111000111000101001010000101101010000001010000101001011010110101011001010110100011101001111100100000111001101101101101
1010100100100110011110100101010101010010000100100101101101100010110110101000101
11101100011001010000010010000100110001011110011101
10011001000011110001111110101101001111101110111110011011011101110010011011101010000101010001110010001010101011
10010011000001001101010101001100101000101110110100001001001111101001011110001110010010011101101111010111010000001110011110101110010101000011001000100101000000100011000110000110001000001110110111001111
10000111011
101111101001000110010011111100010010100001001000101101100001101011010111101011100100000100101011101000110001111111010000100001100001010011001111110011
11001011111000110011111000010100101100010001010110010011000011110000000110100111001011111010100001000010011010111100100110011100011010101100110000101110010001101011101010101100011110010010001000100011
10010000000001111111001011011010011000010100010010011111011111001110010010010001001111010011010100001110000111010101100100101010100110101001110110100011010110011000100100111000111100011011011110110011
1000000111100110111111011010001011100000011100100011001000110001001011010111000110001011000001100111101010
10111011100000110011110011111100101110011001000100110011010111101010000101100101001001001
10111010111010001001100111010011111011110101110101011101010100111101001111010111101100111011110110100011101001000000101001011
1111011010000001111000000011110010010010101001100011001111011110000101111
11011111001000000101011001101101001010101010110001111111101101011011111110111100111001100110100010110000000011000100011000110111000111110101101111101111100000011001010001011000011111000000110001001001
11111001011001000000000100111101111100101011101100111000010101110100111
110010100011011111011111011100101100111100101001110010111000010000111000100100100000001110101111011011110100101101011101101100001001111010010
1101110011111111101000010000001010010011001000000111111001111100000000110000100011001001001000010000010110010010010000101010110011100100011010100011111011100111011101110101111100001001111100101100
10110111011101111010011000001100001011011111001111100111
11011101111010100011010100000010100110110101001111010110000111010111101110001000001000110111100001111011111100101111001101001100111010000101110000100101101111100111101110010100011011011111100011001010
11110111001110110011001111001110110010111001000110000101101000110101001010001011100000010001111111001000101
11011110101111010100001011010101100111001010001010010001000100001110100100111101110001110101011000000111100011011110010001110101000000000010011011110010000000000010100010010011101011011011111
100110111111011011111111101010101101110011100101110000110111001111000001111001100010011111110000000100111101111111000000000
10111100010101110100000100100011110100010101110011100101100001000110100011100011111011101010010000101111000101011111001000101101100001111101101110010001010011101001011101000111101110101001110001011101
1101000100010001011100100111110000
11011100001110100000010000011011100100010010101010111100000101111101111110000010110111111010000011001011101000110111110100001101010000000101011110101101101001100000011011101000110101110010000000101101
11110001010111101000100010010010110000000001011110010010101111110000100001000111000010110001100100011100001000111001110110001010100000110110000110001111101101000010111000011100111001111011001001101101
11001001101010010101111110110111000100110001101001110010011101010100000100011111000001000011101011101101110011101010001110
10001000011011010011011100100110111000000001100
10000100111100010111011011111110011010011010011100110010000001001001101011001001101011110001101001100110010100111110100101010100001100000010110001111000111101110010111101101111101110010101000010101100
1010101001101000011001101011110000110100110110111110000000111001111010
110010010011111101010011000100011101110100111111000001001011011100111101000111001010101100001001011101011001001010010
100010010100010001001
10100001000111011001110100110101101111011011000011111110011000101101110111010100101011101001101101000111110
10101011001100000110011011010111110111101101111111111100000100011011011001110001100010011001010110100100010110000101011101100110010000001001011101100001000101001011111010011010011111001010101000111000
10100100001000010001100100000011010100100010010010110101101000110000110100111100100101000100101111000110110100101011010001010010010000110000111111101100100100011010000001111110101001000010010001100
11001110010101011111
110110111110010000110111000110110100010110100001011101101001000101000010001100101100111001101001010
10000100101100111110101000011110010000100000011011100110110000001010010001000000010010110110011000000111010100001001110101101001100100111011011000011011101010000100011111000001111110010110011110010000
1000100101101011111110001110110111100110100001101000011101111111100101011110100101101111001101011001111000100110101011001110000110000100000101010110010111000101110010110000111111100
1110110000100101010010110000001010111100101011011000101101011000100010100000001100100010110101101001100111110110101011101011010101111010110110110001110010000100010
1000001110001111101101010100111010000110001011011100010100000101001001010001110111101110100101000011000110110111010000010010011
10001010111010110101110110011111100100000001010111010000111011110111111000110001001111000010100111111001001010011101110110100100111000101100010011110001111111001011010100011011000001110010101100010110
1101011111001111110111000010101001111011001111001101101010010001000000011101110101100010100001000001011010000011110011010110010011011011000110011001100101001001100100110100111000100101011110
11101011011001101111000000100111000101011000010001111000101010110011111110001110110011111111101011001100101001010101101000100
11100111011001000000110100011010100000001001000011000110111101001011101110111000100111001011000100101111010100110110011111000011101001010000100001010000010111001110010100101000001001100011011111110100
11101010110000010011100011101111111110010011111111000000111011111000001010100111110001111000000100001001011011111110001110110000001101011000110000111100110100010111011000111001000011101111000001011011
110101100100110101001001101000001101101101001
11101101001100111110101111001110111010111111111100110100000011111100110101101000001001000100101011100000011011001011010001001000100000110101011111111100000011010111010011010100111001111110
1111000111001
1001110100000011110000011001010100000011011100100001100000100101111101110000101011000100101001100110001111010011010111110101100011010110100011111011111000001111100001100000001011001010001101
10000101110010011100011010101111000111111011010010110110100111111000101101011111010101001100100000110011011011011110010101001011111000011100010001100101001011110110111100100100101
10101010011101000111011100000010011110001010001110011010100110000010001111010101100111100100011001101010100011000000000100001011010000100010001100000110110000001010001001111010000100011111110010011011
1100111001111110110000111110010100110110000010000101000011101101011001100111001111100010001010011111
111001010100101111010000110011110111011111000101000001000101001110011100000100111110000111011001010010
10101100101000001100110011000010001100011101011000111000110111111101010111110101101010101001111010111011100101100011000110110010111010111001011
10001100010000000101001111010111110000001101011011000001110011000010101010000000111100100010000111011111001001000111100100101010011001111001100111100000100111001000101111000110111110100110110111101011
100100010001011010000000001110010101100100011101001101100001101110110001011100101100101010011100100101
110101011110
10111010100100011111110
11110101100100010111101010010010010111111111
1111111111110101010110011100011111110001100111010011010101111100
1100100000000011011110101110000011101100100
1001001101000111010010010100101100000111000001011101101010001101001011110010111010011001000101000111001110111010100011000101111000001101010010000
101111110000111000110100000001111101010001000110111100011111011000000000111000100101111010111011100
11001011100001111101011001001110011111011011111110110100111010111010111000010111111001001110101010100010100111011101111011011110100110111010111000010111010001100110010010101001110111000110100101001101
110110110001110111010000110111100101001010010100111000111111110101100100010100000010001
11001010001101110100100100011101010001000100111110100011001110101101100111101011010111000100011110000111000010110010100101100001001100100010010010011111000010111011011111000101110011110001100011000110
10010111100100011110011111110100011
11110001000000110110100100001110101000001001011111001010101100001001011000111010001001110000110010001110001101000001101001111000001011010001100011101100001111100001011000111111011101011100100101111000
101100000011010110101111101101101111110111001101010010111001010111000110001000101000000111000110100000010100110000011110
11011000100101101001010111011110101110000111001000101100101010011101
1111110001001110011010011111101100110100001001101101111101101100011000101100100111101010011100011010101100101011101101111000101010000010111100100001111000111111101
111101010110100111010101100100001110110101001111100011001010111100101011110100110000100001101000011101
11000011011101101100001111011100000001100100111100001001101111110010001011001101110100011010111100100000010011101001110111001111000101101110101101010000011100111010011111000011001011000000010001010110
100010110110010110011111111011111001011101001011001101000000001110011110100101101100010010110010010010001000001010001000011111111100011101000010101111001000000011010100111101001010111111
11010011001
1001100111011100111110101000100011111100001101110110100110100011111101001011110001010011010111110010001001010010111111110000010011110100
11101110111001001111101100000001011000110111101100100101011001100000111111100010111111110110010110010010000011011011101100110111110000000110000111100010101101000101110101101101101011101000010101100101
11100011000111001010101
10101100001111010011001011111001000010010111101100100010000100101011001011000000001000100010110011011011010000101110101110100
101011110111011110100100000101110011010100001110000011101101111000110001001111100110011000101
1110000010110110011101010101110101000010111101001000100100000010011000110110010000111111010110100010010101001010101001100110100
101101110000000011101100000001001011101111001000000000100011000100001100110100000000111010011111101010100010111000111101010001000101101011011
10001001111100101110111001011010011100111001110100
1100111111010111100000111010010001000101010101100001011111010010011100100100100111111100001001101000010001
11100101000100000000001100100001101110100000010101101011010101101100111001011100010010011000111011101001011011110111010000011111001100110101010001011001001000110
10011011001011001100100100111010011000101100110111110010010101100010111010100001111011101000101111000
111111111111111000111100110011011001001000011011001110001001010000000000
11110110100100001111101010001110000101000001100111000100111001000001001000111110011010001110101101000101011100010011110011111111101111001110111100011101000
10101001010110111011000000011100110110101100011001100111011101000110100110110100111010110110010011010001011011100011001110000110100001100101100001010000011110000001000101001100011011001111101000000010
1101101
11010100100001001010011001011010000010000011001001111101010000100001100111
10111101010110001010110101100111110111000000010110000111010101100101001011001010000000000011110010010100110001010000111001101001000110000111001111101101011110011011101101001001010000110101011011010100
101000010101001000000001101110001000010110010001001110110000101111100011000001111011010001101110000110111111000010000000101110010111100110000100111111010000000011110101000110110010110100010111
1101011101000110
101001100110101000001111111001110101111110010000001101101100111000010000010001110010101100100011111110101010001100111011011111000000101000101110111011100101100000101001110001010
1011011001111011001000010010101110101000001011101100111011011011100010110101
11010100100110000000011000111111101010110111100011011101001010111000001
11010111001101010100001101000100000111100001110111101010001010010001000100101011111010100011100000110100101101110110010101110111001110111101010100100011010110001111111011000100111010001001010011111110
10100110110101111111011001110001100001001011110000011010111111001011010110100101001000100001101000000011011001011010011110001010011
1110000110001110001101110000010010010000010011101110001000000101010101110001001111101001001110101111101000000101101001000111010001100
1010111100011010101010000000011111000000111100110111100110101110110110111010011101110010100101000110111101011001110111011101101111010010011111110001010001000001000001011001001010001010001
11101100010100001001101010000010100000110101010111111101010110001111110011110010011001110110101101000010110101101101000100110010100110010010100001110110000010111011010001010111001111111000101011000001
10110010110
1111001101011101001111111110001111100010010000011000010100011100110000001
10001110101111001010001100111110011101101111001101111000001010111111000100110011111011011
111000111111001010100101001100011001111111100100000
10110100010001001111011000000011001110010001101
10010101001111011110010110111010110111101010110111011000101111011101010110100011011010010011111110001111001001101101100100100101010010011011001001011000101111101010011111110010011111000100001111000000
1010010011
1000010110100111101011011001011111011110111000010101101100000110000100011111011001101000101000000
1000110000100111001101100010000011111010011000110110111110101100000001001111000001001110010100010000011001010110011111110011101010110111110000000010110100100111110000100000111010011110010
10011011011100101010101010100101110011101100101101100001001100001100111110110011101000001111000110000010010011010011000101111000011011011000000110001000110100010101000110110011100111100110111
11100000001011001111101111001010100110011010010010110011010000010101111011010110110100000100111000001101011010100100110011100111110001100000111101101110110111010101111010110110000010111000100000100110
10010101111110010101110010000001110000111011011101111000101010111001010001111000001101110100111111101101101100000011000101010010000100101010111101111100001101000011100000110110011010011101101110000110
10101110000101101010100011010010000001000011100111000100101100111011110000000110110000001000010001001011011001101000011010011110100000001111011010010000010110110011001110010000100000000011011110101011
1100010001101001111001101001010001000100111000010111100000001011111001001111110011011101000011111011
11110010010110110100000001000111100111010101001111100110110101011010010111100000101000011100001100001100100101011111011010010100000110101100111010011011100011100100001110111011100101101101111110010011
110010110001010101000101111010001111001011000001011110101001000010000111010101001100111000110100110101010001001010111000110001001110110
110111111111111
1111100010000011111011011001010001101001100001100111010101010111000111010010000111110011101111000110110001101101111111111111001100001001010
11101100000010010010110100110001111001011101010010001011110011000111111011001001011111110110000110101111110101001101001011110110110011001101010111001100100100111111111010001100001110
10101101000010110110010001111110010100010001101001001000010100101010010100011111000000100111011101111110
11010000101000000101001011101000001001110011100001000001110101011100100000010111010111011010111101011010111010110000100111001010101010001001100
10100000100111101011110010011110110000000000111000100011000000011000000100011001010101100000010100010101110100111010011000011110000110000010111011000101011001010011110010001001100000010001110000110101
110100011001101011100110110010101000101100110101011011101000000110011100010
1100011111011011101110011010000011010110100000011101011010010100110000010
11000101010111001101100100101001100111010001101010011100101100010110000011110101101011000011101101010111101000000111100100011101000110011100011000010010001011101101110100000011000011010011000111010000
1101101110111010111100
1101011101101011111010100100001100111100100111
11111101001111010001100000000011001011011000011110000011111000011001000110
11100000100011011000110000111101011100111000111110111100110000000100100100011000000111101000001100111111101111101010000011000001010000111101011001000010
100000000001010100100101001101010110011010010101100100010001001110011001100011000000100000111111111101100110010000000100011001
110101110111111111101100000100101000111001100111000010000111101000001011110011101011010111111011101100000001001000100101111011000010000
10001111101010001001110100111110100010010101111001100101111011011001100111010100001100000110110100000011111010001110111111001011001111000101010001011001001010100101011110010010000101001011111010011011
10101001001000001001111110111101111010100101000101111001000100010011000110100110110101111011110010011000100110010100010111001011001101110011001010101
1111000010010110100111100011111111011111100100101111110111110110011001000101010001111110011110101011001101000101100101011010101010
11101100011100010111010010010010000101100101001110000010000111111110011011100000111011011111001100110010001010101110100100111110111100011000110101000001100101110111000100101001010110110001101101011011
11111001111110111111010000110101100010100101110111111011010110011011001010111111110100100001000110010110001010111100100101001010110001000110111011100100110000101101010011001000000000010011110001100110
1001100010001100101011101101000111110111001010101100111100011011010000101010000110001000001011100001100110111100
10110100010110100000010101110110001111111110100110011110100001000001000111110000011111000001000001110101100100110010111011000000000110111100101001000110110100101010000100010100110011001001111101001011
11100011101010111000111001111000010100011110110111011001010111101101110101011000010001000011000100101010100100110001110101101101001100001101100000111101100000101010011110011010101010011011010101110101
11111100100001010011101110101000000010100001111000110
101100010001011011111001110001011011000010100001100100011110001010110101110000010100101000011100000101110110010001010100
101111000000110001011101000100100100001111011100001111001100011111110110011000010110000110000000
10010110111110110101010001010010101001111000101000001100110111100100101001011111011101000100000011100010001001101111100101010010001001101111110110001001101101001000000001000101001101000110111110110001
11100000010000100010010001011001110001100111001100110010100110100011101000011100110101001111001111010010101010010001000110111000101001111101001000001010000010011001000111101111110000000010001100111000
1110001001100000101
110101101111011001001100110010000001101101011100110011111100001101001011001100010001110011010001100111111010001011101101101010010110011001000101101001110000100110110001000001011101110010100001110000
111010110101000100000010110110110001011110000010000101001110111111110001001100001001101000111011010001010000000111011010000100111110110101100010010010000011011111011100101001111001000011110110101
110001000000010110101101101100001011100010000111111001010010100001001000101100100001000101110111001010111001111110101010000101110011011000100100010100111000110110011111111100110100111010101000100011
11011011010001111101110001010
111111001000001001000000011111000100110101001010110110001100001111001111110111001101011111100010010011001000001111010110110011000100000101010111110010001111110001010011001
110000000111111101010011011001001001101000001111111000101000110100100010111001110110000011100001110001010
11001101100011010001111010011111111101011000100011100000011001100110000010100000111100000100100011000111101011010100100110011001101110010010111101011001010100010000110001110101011000101001100001000001
10101101010100100110001111011011111001010000011111111011111011110001100001011001000101100000011100010001010011001110110100011101111111101111100000100011110100101110001101011101010010101101101110110111
101111011011101111001101110110110001010100000101101110001100010010
10100101100011010010101000110011100000101010110010000000100011100110110100101110110111011011110001111100001110000110100101010011000000010100110100110100010110101110001111110111101110110010
1101000000110000001100100000100000101000110111010100101000100010000101010101011110001011000111101101001
1101001000000001010111001010000000011100001111101000110011010110111111
11101101101100011011100000010110011101111001100011111101010111100001110010010011010010111010110001111100110010111001111011110000101111010011110110100001010010111100010011110110110011111010110000010001
101101111010011100001101111100101011011101010000011100010110011000001000011010000101001
111010000001001110
11000111001101100111101011011000100000110101000000001101001110101100111101111101100110110001001100101010100100100111001110101111011110100010111100000000110011100110001100000100101000111011001001010010
111010011101000100011001000000110000011110101010111011100010110001100011111001001001101000111000100011100000001110
110000001001010011100110111010111010010010
1011011101111010100111010101000111011101100011010100110001111110000000111001010011101010011111100000011011000011111110111100001010110101111010001111001010
10110011111100111110000001101111110001100100100111110101001001010110001111101100010101110010111110010111010011010001100100000101110010011111000100111011101101100100010001100001100011000010000100011001
1100110101001001011011101001111111011110100000011111001000100010
11111011110100011000100111101001101110111000011100111100101110000010101010100010000111110101100001010100110000001100111011101000101000001010101001001110111010010001101010100011111100010001
1000001000100111100110101100011000011011001111000100110110000110101110101100001001100010111000101000100010010011000000010010110000101101
10100001111010001100101111110010111011010100100000011001000100110001111100111101000000100010000011111111000110000001001001101000010100000010011111000110110100110110101011010110010100110111010011001100
10100110000111011000101100111100011011110100100010010110110100000001010111001010001111101010100111110001010000101101111110001101001111111001110101010111001101011101011110111000010110011011100110001010
11100110001011110100101101001111001110100010000101001100100101001000001110111000011001100010101111110010110000111011011110111101101010101101001010010000011010001000011110011001000001010110000001100011
10001000001101010100011011011111100001111001100111100001100011111100011000111110111101100101101101011111100011011000110010111001011111111001101010001011111011001111
11010010101001000010001010000000100100010001111010100111000
1111000100101100100010101111000110011111101011100001010100011110111010101110110101110111000111000000100010101011110010111001001110111011011100110000011010001110001
1000001001111001100000110001000000001111110100111110001
10111101110010100101111001101011001010101101100000110010000011000010111100001100001111011111111000100001100010001101001010000100111110111100111011000101001101100110010100001010000100100010111111111011
111010001010100000101010111011001001001000111001111010100101110010001100110100001000100001000000
10101000111000101100111110101101010001110001010011101100110110101001001110010100000000110011100101111011110111000011110110010010111010011110011110110000011011001010
1000110011001001001110001011101010010000001011001001100110100010111101011001
110011010000101011110111100011110000000010010010000010001001100001011111100111001010000100010110000
110100010101000001110000001011011101110001111011
110110110010011111111010101101001
10011101000110101001110011101011010111011110010001101011001011010110000001111101111001000111101011001000101011111011111100111011100100010000001000111111010100101111101100010011011000110100101010001100
11000010110101111010000010011111001000001111110011011010001011100010011010101010011100011100101101110100000101010110011100111010010111010010011100111110111000010101000010011110111011101111001001001000
110101011001101001111010010011010010101011111100100010101101000000111000110010110
11110001001111011010110001111100001001111001111111011100001011001001100110010001110001010001111111011010110010100000011011011110110111001111110000011100001001010000000011110101010010111101111100100110
10011011111001010101000101100111101101101111100110011010110100101100001110001011000010111110111111100000001111101110101111000011100100100001110101100111011011001100100110000011110011100111100111000011
11100
11011101111101110010011101001111000101110001011000110110100011110100111010010001000001111000101110100010100111111111111101010011001001001100100010101000000100110001010010000110000101001110100101110010
100001111001101011000111011011010
11111110001111110011010011000010001100111100100011000100101100010000100010011001001000001001001101010010100111010010011111111111001110100100000101100011110101011011111101011101001010011011100101101000
10110101110011110101001000111011011011000010101110001101101001110000001010100
1100011001010111110110100101000100100101111010010100110001100000010000001011000010010001110101001111110111
1011011011111100000100000000000111001100011001110110110101011110110110000111010001111100100001001011010
1011001
11110011110010001110010001111110110110100011000011001100111011111010011101000001111100001011001010110000110100000001001011000000011000011101011100001000000010100000010001101100010100001100000101001111
111100101101000101110010000110010110100000101000001010101000101111000100111111110001111010101001001110001010100100001000110101011011110010101000011010101000000
10010100111011110111100011110111110111001000010011100101101101111010001100110011100100110001010
101111110011001001110101010110111100110111100010110001001011111110010110011000111110011000110110111011101111110000111001100111100011000101011000011011001100001010011010001100010101011010011111
1011110001100110001110100101011101100010000011001111100010000100000000001011010
11111011101110110100010101101100110101101011011111010110101101010001111100001010110101011100001111111100010011011101110000010001011010111010011011111011101110111001010000001011000010110010110111100100
111010011101110011001110110110111001001101011011001001101111100110110000110000110110101001110101100001101100100100000101110111110010101100101101110001011001111111000100110011101
11110011111000100010001010111011101111010100000100111010110011000101
10001011011001001000011010101001010011000000110101100011011100010011110001001101011010100011111110011000011101110001101100000110000010110000010011100100010010111000000100011000101001011100111100111000
100001011111001110110101011000100101011100111001000111001110111011010011010101110110010110011111110101010111101010101010011111110111101100011100110110011100111010011110011100110
1111001110111000110000001100110010011000110011111110101100010011000111011101110110011101111010001010100101101001111011111010110100010000010011010011100000000000011101
1101110011011101111011101000001011100010001110110111010100100111100011010111010011000011010101100010111101011100010000000000000111001000110110
10011100111101110011100011000111000011110011000101001010000001111111100111111001011100011111100000001101100111000011000111010110101001000011010000111011000011101100101100100111100111000000001101001000
101101011110010100110011011111110111010111000101101001101001010000101110011111101000110010101010111010001011011000100101101101001110010100011010111011011110000
10001011101100000111001
101001011011100001100000111111100011001111000100000110110110011011010011000100110011110001001100001011010100110000010000001001001010111101000101011110000110100100100010001001100110101000110001111
10110010010111100001001111011101101100111111010000101111100001000111111010001011011111001111011111011000010101101011101111010100000111100010011010100110110001101011000111001001100110101101100000011101
1100011111110010101110000111111101000100000001000101000101101101111100100001110001101111111111001111010001001010101100010010100110100110100001011101010111111100101011
10110101011110100001000111100000100100110001111101011100011010111011101001000011001100111111000111000101001011111010110101100010011110111011000001010011001000110110011101110101001100101000100111001000
10110010111111011111100110110000111001011000100101000000100111001001101101011001101110110111010111111110001001001011111101101000000011011100011001010101110100101010000100110110010011101101101001100001
10100011101100010000001000001000101101001010010110011111101111101100000100111011000110101101011100010100111100001101100000010001001101100100100100101111000001111001001
11111100011001110011000101010001011110010100101110100011000100010011010111100010110100000100111111000011010000101111100100000110000101100011100001010001100101010011100110000110011010000001100101010011
11001011101100110010011011111110101101111110100100001110000000010110001011111101111110011011001001001100010110110000011000101010010101000010011010001100001110
11010011010001000011010111000000101110110001011110011111110111001100110111110001010101101011001111101111101111001111100010000110010111001000011001111101110010111101101100101000000001100100111010011110
11011010101110010001111101000101100100011100001000100111101000100111111101010001101000101111000010000000100001010100101011010001001000110001011100010110010111111001010001010111111010011010011110111100
1011001001010011110010011000111000110011001110010010000110110110011100010010011010110011111100101100110000110100101001
100000011110111111011101010110111010011001111110100110001101111000100110000010100100101000000011010011111101001111000100010001111010100000101111010000100000011111010001010000110100110010001
110001110001110011101001101010110110100001111001010101010110
101010001000101111001001111110001110100111001001000000011100
11101001011101101110000111101111110110011001011110011001000011001101101000101001110100001001001000000110101100110101110001100001010000111110111010010101000111100101101010100000011001000011110000100010
101
11111100111100111011010100110100111100111101011101010111010010010100010111000011011111110111111110111000101100011011001000100011011110001010111111101111010100110100111101110001100001000100101011011011
101110101001010100000000100000001100000010011001011001010110101000100001100001000001110010010000111100
11110011100101101010001011100101110010111010111001111110010101000101111000011101010101001000111001111111100001110111101111011010100000100101001001101011110000101101010100111011110000101011010010011001
101110110100000000100111110110100101001100111100101011010110011101011011
1111111100001111010000011011110011100011100001101010011100100010101111000001011100000001111001011000100010010110001010011010010101011011100100010000100111101111000000001000100010111000010001
10000101101101000000110101001111100101100111101001110111101001010111000101
110110
11010000011101100110110111000110010110000010000100100111110000111010001111010110010101010011001101001001011011010100110001000000000010100010100010010001101011010110011101001010011001010010010000101010
11011100101101100000101110011111000001010010110101001011001111100100000111011011101000010000110000100100000110110100101100111110
10101000100010100010100100101010010001000011000100110111010111
110010000111011011111111001100101111001110101101100001011000
10010101001010011010101000110011110110110001010111001011000100101010100101111001111000001100011
10100000101110010101100111000111101000100010101011111000100011010100101110000110000111101101011010011100011001101010011100100000110001110100001111110100000110101111110010111000101111101000010111111110
1001100011101101010000001011101011011111111010100111100110001001100110001000101000011000011010000
10110110011011010100101011111100011001010110011100101000101011111011110100101010110110
10000110110110001111011100111111100001011101100000101111100001110000100000011010010000
10000010101001011101111010101111101001110000011010110011001011011001100001110001010110010011001000001001010001000001101000101111111011010011111100000101111011111100010011110011111011110100001101110001
110011001001000101111100100000101011001100001111000001111011111100001000001011001100111110111001110101101100010010000000101111110001111011101111000011110100101011110
11001001000011000110101101100111110000
10010101011100111110001001110011000000011111011010000110000000001110110000101000101000001000000100100011001111101010111110000100111011001010000001100001001000111101001110010001011100010000010100100010
10111000010110011010010101
1001010101111101110011011010101101100001100110011110101
11101000110001001100010111111110010100111010100111010010011110100001011101011100100010001010
10111100000010111
10101000010101111011111111111010001010100010111111000010111111000010000010111111100011111011010011001110100010110011001000111100000110011011101110000010110111010111001111000100101110101111111000100100
10010001010010101001011010010111011110101010100000100101100001011011011111000000010111001111100000100000111001010110011010110010101000010100111010111111010100001100111101010011000111010001010001001101
1111100011010110001111010000111001011011000010110000110100111011000101
10000111110001011110101111100000010101000110110100100010011111000101011111001000110000011011111100011100101111100101010001100100011110111010101010101001110001011100110000111100110111100010001011111100
11110100001010001101111001011111010101001000011100001111010001110000
11010000011000010000100110101110111101101011000011010100001011101111111100001011001010000111100110010100110000001010010101011101001001000111
100011
11110100100011001011110011111111001110110000111011010111101
1010000000011000100100010001101110000110100100111000001100101111001111011010001011001010101101111000001010100111100011111101100111110011001000111
10100100101100011001101011111110001011111100110011111101110110011110101111000000110010001101001101110000010110010101111010000100101000110000011001001111011010000101101101011100011110100000101001101000
10100010011011001101011110000101010110001010001100110111001001110111000011011100000010010011001010000110101101001000001010010111000011000110000100001010101010011011100010011011101011000010010011000100
11111010000110101111100011000100101001010011001000101001101110011010011011110010110110100001101011111011001001100100100010000001100111001101100010100101
11110000011100100001010110111100000011100011001000000000001111111101110110110101011000001001111111010110101001111010100010010001110000011010011101001001101110010100111101111001100010111111101110100
11010101000100110101000111011000100010010001001001100010110101000001111011111111000010011110111011001011110111000010001010001011010110011110011001010010001010101011110111010101000010011011011000000100
11001110010010010000111010111011111110010100101100000001100011100111011100010000010010001011100001100001110101000101100100001000101110100011111101001001000111010001011111111110011011011001001000010110
1000101000100100001
11001100010101010110010111100000000010000111111111101000001010001000010010000000000011000110110000100101101000100010001000101010011010100110101111101000010001001010001110111000101000011100000111
11011010100111110001010101110101000010011000010011001010000001
100000000011101000000000000010100111001100100011101100110010101001
10010000111010010010111100000111001011101010010111010010101101101110100111010011100111000110101101101000111100100110000111100100100011011000011011000101000111111011011110001010101101011101001000110100
1101101001100000000100100111011011100110000000100000100100011110111001111101010110110011000101100
10011011110011011001001100110111000100100110100100001101100011100011100110111111101001000111110100000100000000110010010100011100001101010001111001000001010011100101010011101001110010001100000000111100
1111100001100001111111001000101010001011011100011001100110101010
10111000000100010101010000100101000000100101000111001011100101010000001000001100001101111100110101001010101111111001100001110011101100100011000011010110100100010110011110011011110100111011111010001111
10011101001010010100010110100101110001101011110111010001101100101000001101011001110111111010001101010111101100000101011111110111011001011100010110010011011101000010001010110100011011111011101110110111
11101111001110001010011011011011000011000101110011110110111101011111001101110011111010111001101100011001110011011010011001101000001110111111011001110000100011100010101110111011101011001011101100000000
10101000011101100010001011100000111010000111001001001001100110101001000000101111001000100
10111101110010010001110111000001101100011110011010101001110111001100111011110001011000111111
10000000000000010111000011100010001110100010110011101100011010110100111100100001110010101111111010101000001000001101101110001011010110000111000011100010000110111111011000111101101011101010001001000001
11110101010111000100011001110010111000011101010111100110110101000101010100000100111000100000011111000111100110001110110100100101111111101110011010100101011110100010111101011010110010001100110101001101
111
11000110111110111011100110110011110001001101110001011110110110110010011100010100000111111010101000010100111010010011101000110001100010001010110
11100011011110100010000100010000011011011101011100010111111110101100000000111001010010110001010011011000110110011010100100100110100000111010111000001001000110001100100110010110011001100011001000001111
110100100001110110001101001101010011111011110000100010010011100010010011101101001111111110000110110
1110110000000010000110000011101010101010011110101010000100100010110001000010010001001011
10101111011000001111111100111100011010001000010111110111110010111111
10010101111111010011110110001111011011011100101000000101001000010101100101100000011011100100110001110010010001100011011110000100001101001001100100111001000110010100100011001101010000101010001001111001
11010010010010011101100000100101111000110100100100111000001111111000110101011000100110000101001111000011010011100101110111010110110011110111010011110110110101111101001110010011000001111000000011001001
11111100101110101110010111101010001110111011110001001110111111101010110001100111100011000110101101000010011101111001110010100110001010111110
100000000111100011001001001010000010011000111101101100110000110
11000001110001011010010001100000001101100011101101110001010111000100110010011010110000101111010001011101010010101101100111010100011000010111110001000110101101110011111111101010001111100111110001100111
11110001010101110111001100010000100000110100001011010011001111010011111101111101100100000100111001100111101111011111011001101111100111111110101110000011010111001001110000001111100010010011110101000111
10010010001001101100011111110000111100100101000101100101111101101101111100011100100010010110011101110000101010000010000000000110100010110000000001101000010011011010010010010010101010110101011011100001
11101100110000110111010100101100100110110000010010110011011111001010011011100001110111101101101010110011100001001011011010111100011000110000000010110100100101110011110001111000101101000100010100000000
10010110010101100110100000111001000000000000001011010100000000110110001010100000100111111110011011011010000010001110100110010110100101111101010010000111001011110010001001110011100101010000110000010011
100000100100100011101110000010111001010111100011001000011110010011101100010010011111101111000101
10010111011111010111000111101101000101111000001110010111000111001100100011011100000110011
11011101001000100111110001100101000010111111010011100110000111001101010001100000100100100001100011101011100010010011100100010100001000110100010111101010101100111010111000001101111100011001110110000100
10100101001000111001101111111100110011000001100001100000110110101110010010010110000001000111101110101010111010111100001000110111100111110001000110001100101011001011111110100010001101111010010
101011111001101000101001011110001000100101001101110000110001001010110111010101101010101010101111110100010101100101100100101110010101100001010100001101101100111110011010011111010010101
11001111101011000000000011011111011010111
11110001100101100110011111000001000100101011010100010110000000011011001110110100010001010001110111010000100010101101111001001010111011110100110011010110111000100011101110010001101101011100111110011001
1000111101101111010000111101110111110101111011111100010100010011100010001101001000001110000
11110100001101011100000100101110101100110
11101101000110001100000110110000001111101111100101101111010101110011011010001001110110101000000101101000010110010000011101001011000100011110011010011000011011010001010100011001011101111001010100011101
10110000101100100000011100111110100111000111000100111010000100001001011011101000100010001100000000001100100100011010011110110101000110110000100011100110100101110100011100001111000000100110110100111101
10100101011101010100011011010110101000010010110010011110101100000110110001000010000100111010110000111010011110011110100011011100000001010001011111000010110010010100011000010011001110100111101001011010
10101010100100110101011100110110100101010001010101110011001010011100111111101110001101110011111111001000000111011100000100101110001101000100010111110010000110110100001010010100001000111000111110001101
111101100100010110000001011011100111001110010101111110001001111111011000110110100010110110111101110
10010111111000000000010101100001000011011010110110001111110000011010011100010011101011010101110001001100000000110011000011011110100000101111101100101011110110111001111001110001111111001110101110100010
111101001010010110011101101011110110111110110000101100101001010000011101111010000001001000100001001000011100100110010011001010100101100100010011010101110101101110100
10101010000111000100001110000000011011011001110100000100001110111010110110101000111000000110110111001110101001100110010100001101111100100010111110110011101111110101101111100001101011101001001101001110
10000100011011101000101001101010111110101011111100111101001010110111000110110011111110011101001111111011001110101010010011110111011110001111111010101000110001110001111001011000000101010101001111100000
11001001100001010110110110001011101000010000010110010100110111000100001001001101011110110110111100000011100101111000011001101100000000001100011110000101000000001111100111000010100010000010101011110011
10100000000101100000100110001100011111011011010111001101111110000111101111100001010001100000001000101010100011100101111001011100110111010001000001110011010100111100011100100010000000111101010111111111
110000101000000110101100101010110010010100011001111
11011110011101011111110101011011011010101100001001001111000000111010010000100001011000100100011110011011100111110011100011000101001100011010010010011101011011001111101011111010001100101110001101011000
10110011111101011110001010111111110011011110101110011100001001001100000010001010000
111001
11100010000001001100110111100101101010100101000000001111111111110100111101010100101011100010111111101001111000100010011001010101101110110110001001000011111000110100100100011100110000101001111101110100
101111011100111010101110001000010000010101100000011011100000110010101101100101100011100000101100100011101111110110010101010000000
1111101111101001000001110
111010010111010110010011101000011110010001001101100000110111101011100100110111100110110000010101110101100111000011001010001011100101111011001111110110011110011111000
11011001111101111011100000101100011101010110010000101101110010100000100001010000100100000010100110111101110010101100110110011101110100111110101110101010101010011100011001111001100001001010010010110001
11100010011001001001001011011101101011100000100111010111001011110001000010111100101001110111001101000001111001111100
1000111101011100001000110
10100011000011111110000110100101110011011001101100110000010010001101000010100000101100101101000101001011000001001100010100101011010101110110110011100100111011010001
11111101011011010011101111001010001011011100011100111011011010111010111001101111010010100110101001000000111001000001000101010011111000011001010001111010010010100111000011000110011000011110010001011001
11000100000100100110110101011101010110101100010111111001111011011100000100000111110011011111110001001000111100000000100101110101001010011000101110110010111011011001010110100101110010111111010101111100
11000110011001001111010001011110000100001000001010010111101101100001000110010101100001000110100101110101011101101111100001000010111110011010101111010010100000001000010111111011100111111101001110001010
11011111110011010110011
1101110010001101110001101111001011110010000001110100011100100110101110011110011011111001110110001010000000001111010111100001011111110110
1011111100010000101111010001111011010000000110010111011100100110000111011100001000100111001101
11011111000001101000000001011100010111011110001111001110100001110000010001110111010111101010111100010101100011110001100010010001110111110100111100111101110010001110000111000100100010101111110101010011
10010001101100011011100011100100100100111101100110001100010001110011110111110010110100111111000111110110010000110011111101101011010010011100000011100011011001010110000000000010100100101110011001100010
10011110000001100111100011010000100011011000000101110110110001110010100001110100000100000100100001100111100011010001111111010100110100010110000101110010100010100010011000000001010011100000110000001001
10101100001001010101011110
10001101001100100110111010010110011010110101011111011100000000100100001111110011100110101011
110010001000111011100101010011100110100010011101011111101011111011001011110111000101111100110101000110110111111000110011
111010110101010001111111111000010100011010100010010010100111101001100101010101101111011111011111110101100100011
1000010001111
10011110000100011000000110000011101001101111011000000111101100111001111110001011111010110101001011001111010001000010000111011011111000000001100000110101110101100101111101111011000000101010001100011001
111100110000101001101010111110011101111000111101011110000110110010111110111111101101010110101110100001100000111010011110100000100011010
10001010000111000100010100010110111111101101100000011010110111100001000001101111101011101001101000100010011010110010110110110000010000000010000010110100101111011110000110111011111110010011101101011111
11111001011100010101010001001101000011101010100100100010101010110011001110111011100000001100001111011111001000111110011101010100011110111101
11100000111000000101001011101101000100010010001101111101110101111111011100101111110100010000100101100011101111000011100010101101101001101000100011001101011001101001000000011010100110111111101001111100
11100111111111110001110011100101010100010010000100100101001110101100000010010110111111000001011000001111101010101100101
11111010111010000011010111101000001101001111000001101111100
11101010011101010000101111011000100001001111001
101011000101110101000110111111010000001
10111111111110011010011010101001011011001100001110100000011001111110011100001101100001011101111101010011000010100111000010111111111010000101011101001000001111000001110011011111111000001100000000111100
1111011010010101001011000000001101100110111101100
111111001000100001100011111111111010010010110001001001111101110100110000111110010011011110111010000101100100100010110001111010000000011001110100010111000000101111001011
10110000110010011000100000111010010110010001011011000010110110001001100001111101110011000101
1110110000110101011001100010100111001101110111100101
1110100111100001111110011011010100111010000100010000000010100110
10001110001100000110101100010111010000000110001011111000110100111010000010010011010001000000011110011010111001011010011110011101001111100101110001110100100011110001000011100000010001010000010001111001
1010001110101110111100010111110110101100100100010101000101100011010100110111111001101000001000100110111010000100001000100010000111101110101111101001011011101000000
111111001101000110001010001110000111010000101110000000010111101010011111110011101101110100101111111110
1101001000000101010101110100100011011000100111011110001000000101100010000011001011