-5.00961 1.66845
5.13352 -9.98779
2.23609 -3.07291
-7.06107 -7.86126
0.362865 5.6328
7.76177 -5.73107
5.93616 -2.2544
-9.25718 9.90234
-2.30995 9.37986
6.60085 -4.2851
3.10099 -4.42488
7.80023 -8.4521
0.939665 -4.85336
2.51625 9.01975
-2.07617 -6.7748
9.50926 -0.600909
7.59758 -2.88247
-6.96402 1.36509
9.56236 -8.88424
0.936613 -0.73336
-2.81716 5.87451
-1.00803 -7.47673
-8.09931 7.98151
4.71297 6.77908
-7.73553 5.35203
-6.34266 7.43706
-4.1789 -5.93127
1.4182 6.20899
1.97668 2.28919
-5.60717 1.29185
-6.03626 -3.15226
-7.52434 1.80273
8.03278 8.18476
-3.21757 -2.89956
7.99554 -0.790735
5.54247 1.60863
-6.75649 -6.25355
-8.72372 -4.22224
-1.62633 -9.83154
2.39601 -6.19739
-7.46879 -4.15021
2.33192 -1.27964
-3.38603 8.07123
9.33226 -4.47981
6.44581 -3.01431
-9.94934 2.88308
0.0552385 -3.70769
-9.95239 -5.81957
-2.82022 -2.78298
-5.6737 8.35749
9.1229 -8.55464
1.03793 1.31809
7.08487 -1.3712
1.47679 -1.54881
7.09769 4.0788
9.48241 -1.09165
-0.314035 2.28553
-6.61 -7.73431
2.37953 -8.11762
-6.3628 -1.80273
3.19987 -2.32032
-0.835902 9.77416
-6.74612 5.39232
5.7268 -8.97153
-3.45256 4.68917
9.24741 9.39817
-4.84359 6.18946
-2.66823 -6.3274
-2.12867 8.02606
-7.92352 -1.91321
-9.55931 -2.39357
7.28446 3.1547
-4.4499 4.19416
-6.77664 -6.10157
0.641194 7.93085
-7.94733 6.08142
1.71667 0.937834
-2.97037 1.07212
1.24058 6.10401
-1.36326 -0.0302133
8.27021 9.19919
-9.25169 -2.39051
-1.06601 9.92981
-0.0442518 7.07755
5.39354 7.56829
-8.81222 -4.64522
-8.60286 6.77358
-7.25944 0.727256
2.57057 -0.763268
-6.1504 -7.43217
9.54955 6.76748
-2.07556 4.13739
-7.90216 1.45238
4.57015 -0.992157
2.32093 8.51192
3.53069 1.75085
-4.89486 7.47124
-6.34022 -6.49403
3.91644 -2.71889
-9.93286 3.05887
-9.93408 1.00986
-7.45476 -5.95202
3.5844 -4.27595
-1.58483 -1.0654
3.81756 3.19987
-7.09037 0.350658
-2.12195 7.069
0.220649 -9.54283
5.07248 -7.95892
8.3343 8.93857
5.42528 -9.17661
-9.21751 -9.75707
0.437941 -5.64684
-1.56468 0.724204
4.19111 -9.0173
4.44807 -3.72906
-7.07083 -9.76928
-4.4908 1.08615
-8.75546 -3.27006
-7.50359 -1.78808
2.98746 9.99512
-6.32923 -7.55486
5.0267 -4.36323
3.5374 -3.7431
-8.00897 3.64666
0.494095 -0.655232
-9.89074 -0.628376
6.39576 -7.55486
8.27631 2.82022
-8.8464 6.0271
4.46944 1.89978
-4.49507 -5.50768
-4.35163 -4.76302
5.06516 6.51296
9.24863 -9.81506
-1.20273 -7.88141
4.40229 -8.34284
5.02365 7.17826
1.01962 7.39921
8.09381 5.87634
4.83322 5.33555
-1.15207 1.83325
6.55507 8.61507
-8.00592 8.47835
3.25419 3.96954
3.5197 -0.697958
0.0888089 9.02036
-8.72921 -1.37425
0.513627 -5.84338
-8.17743 3.49651
3.08695 4.61226
-3.24381 7.3394
-6.9921 -1.65075
1.48473 5.99841
6.50624 5.40635
9.73388 -3.21879
-3.80047 4.30036
6.81875 -8.8641
-4.43403 1.13559
4.83016 -8.41121
-9.3701 7.02506
-7.13858 -6.43849
-2.98868 -0.541704
-4.59639 2.70058
-9.56114 3.24686
-7.98212 8.33186
8.87875 -3.34574
1.43773 3.68389
-5.62426 -1.64464
3.1962 -6.51784
-7.2393 0.835292
-0.0717185 -0.43672
-0.680868 5.85925
-6.54653 5.1091
8.57418 7.64275
-2.22144 8.15058
-3.71136 -0.664998
2.13477 4.94491
-8.17682 8.45393
7.18436 -6.13147
8.96603 -3.11502
7.51152 0.437941
-6.6332 -8.91659
3.52886 -5.91418
-5.29771 -1.91198
-4.07514 -2.67067
1.6831 -7.01224
5.77197 -2.06275
8.04376 -6.54653
-6.57399 4.73373
7.63543 6.96829
-0.658895 -2.34169
6.73879 6.3744
-0.0833155 -7.28751
-8.2635 -0.628986
1.52013 -7.59087
0.257881 7.57805
5.78784 2.35817
-6.0802 0.795007
9.34385 4.60616
0.808435 2.0835
-8.93857 8.36604
5.7976 9.29197
9.98413 8.74569
-3.1492 8.6523
7.03482 -5.88366
5.42894 6.07044
-6.3567 -7.26371
9.11313 -8.25983
0.412915 -0.746178
-5.41063 3.69915
8.94467 -8.27448
9.10642 5.95447
-0.0424207 -0.23896
-1.46886 6.80898
0.821253 -5.57176
0.14069 -6.99881
5.62426 0.540483
8.25312 5.29771
-9.09116 1.95227
0.843837 -8.85495
0.200507 0.489212
5.26231 0.0320444
0.43672 -0.869472
-8.82931 -2.8428
3.45134 -9.91943
8.84213 1.05197
-4.38643 -1.6538
0.925016 0.769372
8.75668 1.442
5.81896 -1.72887
-4.47554 -4.138
0.770592 -8.37092
2.25257 -9.07163
2.82449 4.68307
2.51808 0.649129
-4.25092 -1.2479
4.47249 -5.79272
1.06479 -7.93817
-4.90341 -4.28694
1.29612 2.47414
-5.51317 -6.16871
-6.41774 -0.830409
3.30973 -8.07672
1.75512 -1.09653
-3.455 -0.680868
5.02548 -7.54814
6.64174 -5.65722
-8.60652 -3.12174
9.21506 -0.268258
-6.08875 -0.751671
-5.59618 1.05197
-2.07984 7.41508
-2.97708 8.75423
-2.60781 -6.50746
8.62484 -5.51866
8.49788 5.66393
4.59822 2.26844
-1.47801 -6.08509
9.4409 5.23728
-1.73925 5.36119
-6.6924 8.43623
-3.98053 -5.25315
2.98685 8.42952
1.33213 5.78356
0.401929 -9.72655
-3.46232 8.9227
-8.21284 -7.4987
4.33393 -8.80001
0.65096 0.73397
9.42625 3.78277
7.64641 0.557573
2.40883 2.8251
-9.51048 -9.72167
3.99762 9.27976
7.03848 4.18928
-2.26722 3.27189
-5.3441 6.96219
9.29441 -1.32359
8.99838 9.80651
0.531327 -6.49342
-4.67025 9.00632
-3.64666 1.75512
-4.48714 -2.53639
-7.40715 2.30079
3.77789 9.87976
2.97159 -9.48668
-5.58702 -7.81243
-6.71133 8.18171
-5.50951 -4.12458
0.971404 -2.6249
4.75997 7.80877
8.08649 -6.10889
1.82409 -3.80902
5.96789 5.88672
4.73922 3.28349
-0.43733 -6.66616
-0.858486 5.50279
9.63256 -6.07593
2.05115 -8.47163
0.925016 -8.96664
0.452589 -0.953093
-5.54125 9.39573
6.80044 0.744957
-7.97845 -5.91784
4.55489 0.196844
-8.97031 -1.55736
6.88711 8.24885
-2.13965 -3.40129
1.67333 0.541704
-2.21656 6.14734
5.89831 6.79556
9.62401 -3.32316
2.60292 -7.53594
3.27433 9.73144
3.49528 3.41288
8.18293 5.84155
-9.6527 -5.78295
-9.05576 4.25947
-1.69103 -9.27427
-9.88464 -8.99899
-5.73901 7.50542
6.38661 0.845668
-6.67226 -9.21323
-3.77911 8.8995
6.68813 7.55913
7.10929 -2.64565
3.78887 -8.5992
2.53456 -6.92923
2.10547 5.71581
-5.197 1.60253
7.56645 -5.04318
-6.1565 -6.70827
-1.23997 4.49812
-9.89196 7.06473
-1.93396 -0.246895
-0.295114 7.53594
2.81411 5.18784
9.87609 1.07395
-0.385449 -6.17176
-7.04276 6.42323
-5.0206 7.9107
6.93777 5.52843
5.34959 1.28636
-9.25901 -9.82299
-0.334178 4.2082
-7.63115 -9.90967
-2.39235 1.12705
-1.99011 -1.92236
-3.38603 2.11951
0.256661 -2.10669
-9.17844 -1.42674
-6.45253 -9.58983
-4.95773 3.75835
-5.03891 3.74126
-3.09549 8.90011
-1.51463 2.92459
-9.7174 -4.60921
0.887783 4.81429
-6.85659 -6.24073
7.3162 -6.21754
2.92581 -9.98474
-5.25376 3.87188
-7.40959 -9.98718
1.40904 3.01492
0.456862 2.43873
0.319529 4.95407
-3.04849 -8.94162
5.02853 4.47371
1.40049 -3.14676
5.72985 1.58666
-8.02118 0.655232
3.84503 -9.71679
1.95837 6.91946
3.20292 -2.51747
5.35997 -0.744346
5.95508 7.79717
5.15183 8.33918
-8.66634 -0.252388
7.10868 2.83242
5.39476 9.04721
-7.53899 3.93719
-0.146794 4.5793
-7.54265 -5.79455
8.15546 -7.30155
-2.03284 1.2363
-3.10709 -4.52559
7.24601 6.87307
0.7004 -1.49449
4.9913 2.53945
-1.24973 -6.07044
-4.18867 1.33457
0.978729 -5.74267
5.23545 7.50359
2.15613 2.64504
-8.61812 -6.07593
-8.0578 -4.75936
0.425123 8.22077
-0.961638 1.22776
8.96542 -1.86316
-2.43751 -3.81512
6.44704 -3.20536
-6.21265 -5.60533
0.737022 -1.54454
1.3419 -4.28083
-0.00824 5.42039
3.02408 -7.32475
-6.06311 -3.32011
7.33451 -6.6747
7.69341 -1.04099
-2.13721 5.61632
-8.74447 -9.24497
3.65703 -1.21067
-2.22877 0.0216681
8.68038 7.48283
-6.27491 6.09973
8.50887 -5.8446
-5.83178 6.54164
-7.62505 -4.53902
6.11072 -0.567339
-1.31504 8.18171
-6.80471 1.85522
2.14148 0.365917
4.80087 -4.89731
0.592364 3.28654
2.66762 -2.71889
-0.27131 9.83825
8.19941 -6.08386
3.76446 -4.99069
3.54778 7.19596
-9.79125 4.05072
9.61364 -5.53453
-3.12174 3.95978
-5.91357 -3.38664
-0.756554 3.91278
-7.35282 6.95669
6.27003 0.270089
-3.5374 1.26377
-7.15384 -8.22993
9.08994 -0.463576
-3.05033 0.551469
5.92395 0.169378
-0.346995 4.61104
-0.693075 -2.87698
-3.88287 -2.65664
2.42714 0.724815
-4.31867 -0.234077
-4.86862 -7.26798
-0.821253 1.06967
4.7795 -3.726
-8.39595 -6.88589
5.25559 -8.69442
-1.73925 -5.5089
7.27897 -3.81024
2.5071 9.78576
3.11869 6.04114
-6.77297 -0.343333
-1.14536 8.44966
0.159001 7.3632
-2.70119 7.2161
5.19395 -2.64138
4.70748 -5.28489
7.77825 -8.41426
4.40535 3.52092
-7.45537 -0.91464
-9.54833 -2.08838
-2.70608 4.55489
4.4676 -4.11603
9.44884 -8.52596
8.75423 2.30262
9.11618 5.43199
-1.17527 3.80108
6.87185 -6.73635
8.47591 6.07166
-5.60228 3.64544
-9.48057 4.16181
-3.90362 4.74837
6.31153 6.39882
-0.195624 4.59456
7.18558 2.57973
-5.26475 9.73083
0.93234 -2.96304
-5.22507 7.84845
6.44032 -2.78054
-4.75265 9.97436
9.62462 -1.60436
1.29124 -2.14637
3.773 -4.87472
-4.04645 -7.84173
7.42973 0.110782
6.14307 7.13492
2.93924 1.05014
-5.44786 7.32902
8.7878 -3.86944
-4.30952 -8.00226
8.84884 -1.22044
4.13373 2.85257
-8.32453 -7.7105
-6.86636 0.734581
2.95511 4.96506
-8.30195 6.87124